2021-10-31 11:48:31.764425
[array([[1136.81735329,  191.19563953],
       [1127.83130678,  219.4375    ],
       [1117.56153934,  246.39563953],
       [1117.56153934,  281.05610465],
       [1148.37084166,  317.0002907 ],
       [1158.6406091 ,  328.55377907],
       [1175.3289812 ,  345.24215116],
       [1194.58479515,  358.07936047],
       [1198.43595794,  361.93052326],
       [1217.69177189,  428.68401163],
       [1217.69177189,  431.25145349],
       [1212.55688817,  426.11656977]]), array([[1141.95223701,  204.03284884],
       [1135.53363236,  229.70726744],
       [1136.81735329,  257.94912791],
       [1141.95223701,  270.78633721],
       [1154.78944631,  297.74447674],
       [1167.62665561,  309.29796512],
       [1192.01735329,  319.56773256],
       [1206.13828352,  328.55377907],
       [1245.93363236,  342.6747093 ],
       [1252.35223701,  349.09331395],
       [1265.18944631,  382.47005814],
       [1267.75688817,  399.15843023],
       [1269.0406091 ,  406.86075581],
       [1257.48712073,  405.57703488]]), array([[1121.41270213,  222.00494186],
       [1121.41270213,  291.32587209],
       [1129.11502771,  304.1630814 ],
       [1131.68246957,  310.58168605],
       [1156.07316724,  325.98633721],
       [1179.18014399,  338.82354651],
       [1198.43595794,  379.90261628],
       [1208.70572538,  388.88866279],
       [1215.12433003,  399.15843023],
       [1218.97549282,  408.14447674],
       [1221.54293468,  427.4002907 ]]), array([[782.51037654, 554.48866279],
       [788.9289812 , 554.48866279],
       [838.99409747, 533.94912791],
       [894.19409747, 490.30261628],
       [942.97549282, 472.33052326]]), array([[785.0778184 , 576.3119186 ],
       [785.0778184 , 578.87936047],
       [886.49177189, 535.23284884],
       [899.3289812 , 523.67936047],
       [926.28712073, 509.55843023],
       [964.79874864, 503.13982558]]), array([[1018.71502771,  634.07936047],
       [1045.67316724,  627.66075581],
       [1089.31967887,  610.97238372],
       [1093.17084166,  605.8375    ],
       [1123.98014399,  600.70261628]]), array([[1019.99874864,  623.80959302],
       [1031.55223701,  619.95843023],
       [1067.49642306,  612.25610465],
       [1077.7661905 ,  610.97238372],
       [1084.18479515,  608.40494186],
       [1097.02200445,  604.55377907],
       [1099.58944631,  600.70261628],
       [1103.4406091 ,  600.70261628],
       [1108.57549282,  594.28401163],
       [1111.14293468,  593.0002907 ]])]